-5.904631608191843739e-01
-1.851978816901025127e+01
-1.856138270821234215e+01
-1.907354270735427448e+01
-2.117400724708290483e+01
-2.117840683330425477e+01
-2.288568119079866747e+01
-2.289692907714388426e+01
-2.290796175089628761e+01
-2.306551848336362909e+01
-2.343909230775509300e+01
-2.349075551551691277e+01
-2.349076822481815796e+01
-2.360637504015040733e+01
-2.382119927088039191e+01
-2.386498125142837523e+01
-2.386498129812612135e+01
-2.390184096305468131e+01
-2.407195597214384719e+01
-2.409773210809039767e+01
-2.421325539867116561e+01
-2.423706640676758184e+01
-2.435068793488785843e+01
-2.435068793488891714e+01
-2.446401668952807640e+01
-2.446401668952813679e+01
-2.457721902515289614e+01
-2.457721902515291390e+01
-2.469038202182809627e+01
-2.469038202182810338e+01
-2.480353023299775828e+01
-2.480353023299775117e+01
-2.491505691782138143e+01
-2.491505691782138854e+01
-2.491548610927604557e+01
-2.502819354095679216e+01
-2.502819354095679216e+01
-2.507718539086733500e+01
-2.507718539086734566e+01
-2.528279711388005424e+01
-2.528286273430318687e+01
-2.537005909613631971e+01
-2.537005909613630905e+01
-2.537023069672756037e+01
-2.545692440142042301e+01
-2.545692440142040525e+01
-2.545699385061015363e+01
-2.554406549638634516e+01
-2.554406549638633450e+01
-2.554407268283665289e+01
-2.563135418535335219e+01
-2.563135418535333443e+01
-2.563135418535332377e+01
-2.571756109673217949e+01
-2.571770654562559244e+01
-2.571770654562553560e+01
-2.574911122859413126e+01
-2.574915050459245691e+01
-2.574915050459248533e+01
-2.574915050459275889e+01
-2.579392042015289732e+01
-2.579393333446232717e+01
-2.579419815307015540e+01
-2.579433549459148267e+01
-2.586202578283004172e+01
-2.586235710214120331e+01
-2.586266698319874990e+01
-2.586296347883937585e+01
-2.592945464183163296e+01
-2.593599228194027617e+01
-2.593600175712557032e+01
-2.595001490087477691e+01
-2.595880737328620924e+01
-2.601903521345785819e+01
-2.601907229017741585e+01
-2.601909393448266528e+01
-2.601945724447694985e+01
-2.603337750631056124e+01
-2.603337850693147004e+01
-2.604068341726059899e+01
-2.604068343979457723e+01
-2.605662468124873499e+01
-2.605662913121580715e+01
-2.605848862528282339e+01
-2.606459482314336995e+01
-2.608315987930724589e+01
-2.608316553770313462e+01
-2.608316576184458313e+01
-2.608316576365373862e+01
-2.608316576365382389e+01
-2.608316576365718475e+01
-2.608316576365811912e+01
-2.608316576449660928e+01
-2.608316576449932356e+01
-2.608316576470342341e+01
-2.608316576470372539e+01
-2.608316576472977033e+01
-2.608316576549268717e+01
-2.608316576577336221e+01
-2.608316576577355761e+01
-2.608316576577361801e+01
-2.608316576582953772e+01
-2.608316576586889468e+01
-2.608316576586900126e+01
-2.608316576586901903e+01
-2.608316576586906521e+01
-2.608316576587032642e+01
-2.608316576587160540e+01
-2.608316576587161606e+01
-2.608316576587163382e+01
-2.608316576587168001e+01
-2.608316576587170843e+01
-2.608316576587174396e+01
-2.608316576587178659e+01
-2.608316576587183633e+01
-2.608316576587187186e+01
-2.608316576587190028e+01
-2.608316576587192870e+01
-2.608316576587198909e+01
-2.608316576587200686e+01
-2.608316576587208857e+01
-2.608316576587213476e+01
-2.608316576587216673e+01
-2.608316576587219160e+01
-2.608316576587220581e+01
-2.608316576587226621e+01
-2.608316576587227331e+01
-2.608316576587231950e+01
-2.608316576587233726e+01
-2.608316576587237989e+01
-2.608316576587243674e+01
-2.608316576587245805e+01
-2.608316576587248647e+01
-2.608316576587252200e+01
-2.608316576587256463e+01
-2.608316576587260016e+01
-2.608316576587262858e+01
-2.608316576587267832e+01
-2.608316576587271030e+01
-2.608316576587274938e+01
-2.608316576587279911e+01
-2.608316576587281688e+01
-2.608316576587285951e+01
-2.608316576587289148e+01
-2.608316576587291635e+01
-2.608316576587295543e+01
-2.608316576587297675e+01
-2.608316576587302649e+01
-2.608316576587307623e+01
-2.608316576587309754e+01
