-4.616609740132949113e+00
-2.246589582394762630e+01
-2.250782753114913248e+01
-2.301971000191911187e+01
-2.511950752718948721e+01
-2.512390881490723871e+01
-2.683118091060813626e+01
-2.684242880154198829e+01
-2.685346148827001400e+01
-2.701101812436563776e+01
-2.738459598983927634e+01
-2.743625904042827557e+01
-2.743627174978529126e+01
-2.755202739449970295e+01
-2.776626465150701151e+01
-2.781004942836491978e+01
-2.781004947802411920e+01
-2.784691456358952166e+01
-2.801705052992494416e+01
-2.806861532757437772e+01
-2.818219572501762116e+01
-2.818219572503435799e+01
-2.829593430243292218e+01
-2.829593430243401997e+01
-2.840926341449308623e+01
-2.840926341449312531e+01
-2.852246574668162893e+01
-2.852246574668162182e+01
-2.863562874293404192e+01
-2.863562874293404903e+01
-2.874877695408727618e+01
-2.874877695408727618e+01
-2.886030363890953865e+01
-2.886030363890953510e+01
-2.886073282838163578e+01
-2.897344025987442961e+01
-2.897344025987441540e+01
-2.902243210978495824e+01
-2.902243210978494048e+01
-2.922804356748111942e+01
-2.922810918526602464e+01
-2.931530552347516050e+01
-2.931530552347516050e+01
-2.931547712418239016e+01
-2.940217089502936076e+01
-2.940217089502935011e+01
-2.940224224893650273e+01
-2.948931389471269782e+01
-2.948931389471269071e+01
-2.948932108116301620e+01
-2.957660258367971551e+01
-2.957660258367972261e+01
-2.957660258367972617e+01
-2.966280949505858899e+01
-2.966295494395200905e+01
-2.966295494395201260e+01
-2.969435962692060826e+01
-2.969439890291885220e+01
-2.969439890291885575e+01
-2.969439890291888062e+01
-2.973916881847909366e+01
-2.973918173278858035e+01
-2.974056524885194719e+01
-2.974056919437743929e+01
-2.980818589443351030e+01
-2.980843216809250151e+01
-2.980876178204822224e+01
-2.980905532417552450e+01
-2.987552843912205347e+01
-2.988442559888512307e+01
-2.988445704130921143e+01
-2.989883416957009388e+01
-2.991249777893401784e+01
-2.995757679572487220e+01
-2.995761223892056435e+01
-2.995769825132071418e+01
-2.996241705732917993e+01
-2.996680772987644659e+01
-2.996680828383870931e+01
-2.996916191668050899e+01
-2.997208234408693528e+01
-2.997643920410962082e+01
-2.997644056332998730e+01
-2.997646973471709941e+01
-2.997685265150379053e+01
-2.997722208210378625e+01
-2.997722210145539634e+01
-2.997722214831138032e+01
-2.997728375612666696e+01
-2.997728760238805634e+01
-2.997728773195047935e+01
-2.997728774944108565e+01
-2.997729378181226068e+01
-2.997730318504396507e+01
-2.997730325741105517e+01
-2.997730325741147439e+01
-2.997730325745127189e+01
-2.997730325759038195e+01
-2.997730325759038550e+01
-2.997730325759046366e+01
-2.997730325759050274e+01
-2.997730325770008619e+01
-2.997730325770201176e+01
-2.997730325771428994e+01
-2.997730325771432192e+01
-2.997730325771473048e+01
-2.997730325782315930e+01
-2.997730325788372241e+01
-2.997730325788379702e+01
-2.997730325788385741e+01
-2.997730325790975670e+01
-2.997730325797712680e+01
-2.997730325808351637e+01
-2.997730325808356966e+01
-2.997730325808359453e+01
-2.997730325812533181e+01
-2.997730325812533181e+01
-2.997730325818814734e+01
-2.997730325818818997e+01
-2.997730325818837471e+01
-2.997730325822506359e+01
-2.997730325822523056e+01
-2.997730325823717124e+01
-2.997730325823725650e+01
-2.997730325823727071e+01
-2.997730325823729558e+01
-2.997730325823735953e+01
-2.997730325823740927e+01
-2.997730325823744124e+01
-2.997730325823750164e+01
-2.997730325823754782e+01
-2.997730325823761532e+01
-2.997730325823768638e+01
-2.997730325823768993e+01
-2.997730325823775743e+01
-2.997730325823783204e+01
-2.997730325823786046e+01
-2.997730325823788533e+01
-2.997730325823793862e+01
-2.997730325823799546e+01
-2.997730325823802744e+01
-2.997730325823809139e+01
-2.997730325823809849e+01
-2.997730325823814113e+01
-2.997730325823818021e+01
-2.997730325823824060e+01
-2.997730325823828679e+01
-2.997730325823830810e+01
-2.997730325823836850e+01
-2.997730325823840403e+01
