-1.180926321638363197e+00
-3.660304579798217617e+01
-7.338543783519357078e+01
-1.508525825981610069e+02
-3.352491593062201787e+02
-6.706394359299822554e+02
-1.450543564152706267e+03
-2.902526864952787946e+03
-5.807878101626827629e+03
-1.169642521783359734e+04
-2.377539429755067249e+04
-4.765659440143992833e+04
-9.531324086026081932e+04
-1.915747512970487878e+05
-3.866595604322248837e+05
-7.747538603977062739e+05
-1.549507724049877608e+06
-3.103847428656145930e+06
-6.252294980621205643e+06
-1.253162476618749835e+07
-2.518234721120271087e+07
-5.036469442244055867e+07
-1.012064430150182694e+08
-2.024128860300453603e+08
-4.067271190521939397e+08
-8.134542381043907404e+08
-1.634505356124102831e+09
-3.269010712248205185e+09
-6.568398384997756004e+09
-1.313679676999551201e+10
-2.639508550661703873e+10
-5.279017101323405457e+10
-1.060593454904109192e+11
-2.121186909808219604e+11
-4.242447553806295166e+11
-8.523621086194807129e+11
-1.704724217238963379e+12
-3.416181823058288086e+12
-6.832363646116579102e+12
-1.377776338650360742e+13
-2.755559892052469531e+13
-5.530294461657025781e+13
-1.106058892331404062e+14
-2.212132878820643125e+14
-4.439517087097606250e+14
-8.879034174195201250e+14
-1.775811855923879500e+15
-3.563877956581265000e+15
-7.127755913162534000e+15
-1.425551587193694400e+16
-2.860930197942652000e+16
-5.721860395885298400e+16
-1.144372079177059520e+17
-2.296508986633370240e+17
-4.593044175010030720e+17
-9.186088350020061440e+17
-1.839480615900253696e+18
-3.678966892068387840e+18
-7.357933784136778752e+18
-1.471586756827357389e+19
-2.948335133495593779e+19
-5.896673244828208333e+19
-1.179389082611091046e+20
-2.358785232223660605e+20
-4.730063495217886003e+20
-9.460127316998236406e+20
-1.892051837303897194e+21
-3.784147837706376315e+21
-7.588001774265467666e+21
-1.518791833791325694e+22
-3.037584523263181272e+22
-6.077794078061262327e+22
-1.216989145416989420e+23
-2.440822859928571960e+23
-4.881650615650758322e+23
-9.763315719255065467e+23
-1.952844793331314372e+24
-3.905693811093261303e+24
-7.811387628180275095e+24
-1.562283136397206554e+25
-3.124567667226219441e+25
-6.249145410823378645e+25
-1.249829083002139376e+26
-2.499658752795397721e+26
-4.999322215828745179e+26
-9.998675057636548513e+26
-1.999735015691623131e+27
-3.999470034873223163e+27
-7.998948506907626090e+27
-1.599789709964160372e+28
-3.199579427401853891e+28
-6.399158854809826344e+28
-1.279831802539396500e+29
-2.559663605079052660e+29
-5.119327242693954800e+29
-1.023865448548925607e+30
-2.047730898995742970e+30
-4.095461908972702454e+30
-8.190923820175696655e+30
-1.638184764106451804e+31
-3.276369528248718035e+31
-6.552739240118945873e+31
-1.310547848062281981e+32
-2.621095696716116096e+32
-5.242191393531026037e+32
-1.048438278833930607e+33
-2.096876613956555264e+33
-4.193753247052420315e+33
-8.387506494280478998e+33
-1.677501298895292133e+34
-3.355002613963830774e+34
-6.710005323859195020e+34
-1.342001098917652340e+35
-2.684002197874169756e+35
-5.368004395751792742e+35
-1.073600883089208136e+36
-2.147201783049175605e+36
-4.294403570082880986e+36
-8.588807140170934144e+36
-1.717761428035118316e+37
-3.435522856076296372e+37
-6.871045712152606911e+37
-1.374209142430524405e+38
-2.748418284861049187e+38
-5.496836569722108196e+38
-1.099367313944421639e+39
-2.198734627888846301e+39
-4.397469255777697437e+39
-8.794938511555414217e+39
-1.758987702311084052e+40
-3.517975404622173424e+40
-7.035950809244358454e+40
-1.407190161848875559e+41
-2.814380323697755374e+41
-5.628760647395516938e+41
-1.125752129479104316e+42
-2.251504258958210798e+42
-4.503008517916429644e+42
-9.006017035832865477e+42
-1.801203407166574581e+43
-3.602406814333156589e+43
-7.204813628666319121e+43
-1.440962725733265409e+44
-2.881925451466539929e+44
-5.763850902933083819e+44
-1.152770180586618190e+45
-2.305540361173239866e+45
-4.611080722346486070e+45
-9.222161444692986084e+45
-1.844432288938601273e+46
